0.1086994637735188	22.0
0.10378100909292698	25.0
0.1042554599698633	24.0
0.1028837829362601	31.0
0.1001627107616514	36.0
0.09330889955163002	40.0
0.08779919124208391	46.0
0.08070144173689187	50.0
0.0797896523727104	47.0
0.07435484114103019	49.0
0.07938986123196001	46.0
0.07136957382317632	51.0
0.06837782415095717	55.0
0.06765811191871762	57.0
0.06415609363466501	59.0
0.06404076796025038	59.0
0.06295172136742622	56.0
0.06001256080344319	64.0
0.06015723920427263	64.0
0.06003994552884251	62.0
0.057604128322187496	65.0
0.05470053164754063	67.0
0.055149416788481176	67.0
0.04993037198437378	71.0
0.05200414964929223	70.0
0.0555650643655099	67.0
0.04959666059585288	72.0
0.04965841112425551	71.0
0.05136539711384103	69.0
0.04878443118650466	71.0
0.04637214176988696	75.0
0.03540550894103944	83.0
0.03867031150730327	78.0
0.03688394313212484	79.0
0.0419430295296479	77.0
0.035028757876716554	84.0
0.033197549026226625	83.0
0.03839927169610746	80.0
0.034543699701316655	81.0
0.034520773973781615	81.0
0.03415966307511553	79.0
0.03208326975974811	83.0
0.025027406954905018	87.0
0.0283433485601563	86.0
0.02469919409486465	88.0
0.025622031942475587	87.0
0.024034190428210422	89.0
0.028101637872168794	85.0
0.02761655379435979	85.0
0.024005543731618673	88.0
0.024593305977759883	88.0
0.024367191823276544	87.0
0.019437503826338798	91.0
0.02150317601626739	90.0
0.019780300674028695	91.0
0.019290177355287597	91.0
0.0174048964981921	91.0
0.02131826980621554	89.0
0.020450070762308314	90.0
0.01834174621035345	92.0
0.02050416289421264	90.0
0.017067883949895817	91.0
0.012010082267806865	95.0
0.019246075724367984	90.0
0.014512528490740806	91.0
0.02252841865993105	89.0
0.01678624346095603	92.0
0.012075519596692175	94.0
0.01641004442353733	92.0
0.017059304780559614	91.0
0.015229999495204538	93.0
0.01620828414692211	91.0
0.013147002391633578	93.0
0.011640608558082022	94.0
0.011069774249335751	95.0
0.015916274656774476	92.0
0.01110580883687362	95.0
0.014294093838543631	93.0
0.015205647010589018	92.0
0.017068808156182058	91.0
0.013287964829942212	92.0
0.010951409858535044	95.0
0.0077375641911928	97.0
0.009116667628404684	95.0
0.008730018467758782	96.0
0.008905110051273368	95.0
0.015815361781278625	92.0
0.023382997169392183	88.0
0.01961961548659019	91.0
0.012705409098998643	93.0
0.012390504038194194	94.0
0.01296417876437772	93.0
0.011953612256802516	94.0
0.009724545001517981	95.0
0.008172600908437744	96.0
0.009698345704237	96.0
0.008603718917584047	97.0
0.009473174359300174	95.0
0.010278517875121906	95.0
0.008820654169539921	96.0
0.007846557462471537	96.0
0.006307337884209119	97.0
0.012575691709151635	93.0
0.006645969959208742	97.0
0.009065808742889203	96.0
0.0060347120015649125	97.0
0.007303531659999862	97.0
0.0060954562068218365	97.0
0.008105349988909438	96.0
0.009125104537815787	95.0
0.006142164813354611	97.0
0.008153943781508133	96.0
0.007446172661730088	96.0
0.006198688033652259	98.0
0.005384261705330573	97.0
0.00724937861377839	96.0
0.010376013044151478	95.0
0.009297039359807968	95.0
0.010901275440119207	94.0
0.008943164139054716	95.0
0.009088151753530838	96.0
0.006499950526631437	97.0
0.008304920804221183	95.0
0.007839258811647841	97.0
0.0070065504987724125	96.0
0.00514252923312597	98.0
0.007160181179642677	96.0
0.007118045134120621	97.0
0.008028493291931227	96.0
0.005379002453992143	98.0
0.008682603118359111	95.0
0.006515229397336952	96.0
0.0087890962313395	95.0
0.006378142732605191	97.0
0.003849186672596261	98.0
0.006378834063070826	97.0
0.0059356783458497375	97.0
0.006670223330729641	97.0
0.008815569075522944	95.0
0.006894532300066203	97.0
0.007821008519385941	96.0
0.008441847458016127	95.0
0.006589340220671147	96.0
0.006674255615493367	96.0
0.004445866958121769	98.0
0.003460431908024475	98.0
0.006078070728108287	96.0
0.0034661894605960697	99.0
0.00568944557744544	97.0
0.0039593266119482	98.0
0.008925992820877582	96.0
0.004063184052938595	98.0
0.006420672842068598	97.0
0.007567715263576247	96.0
0.0060025877236614565	97.0
0.0030271084542619064	98.0
0.004494207736570388	98.0
0.00409374269656837	97.0
0.0043425180920166895	98.0
0.0031252065673470497	98.0
0.004968559675035067	98.0
0.007415781859890558	96.0
0.005754076220910065	97.0
0.004981066274922341	97.0
0.006437079264567449	97.0
0.0014541187265422195	99.0
0.0037107820971868932	98.0
0.004779994240379892	97.0
0.0030396007641684264	99.0
0.004731707304017618	98.0
0.004720126758911647	98.0
0.003965289099141955	98.0
0.006251173879718408	97.0
0.004950140282744542	98.0
0.004787377755964061	97.0
0.0030559650040231645	98.0
0.00404655966849532	98.0
0.003895885805832222	98.0
0.0038950983434915543	98.0
0.006208520804648288	98.0
0.005183122746529989	98.0
0.004115733740036376	98.0
0.006848281671409495	96.0
0.005261962491204031	97.0
0.008110723880236037	96.0
0.008295202219980003	96.0
0.004941029837937094	97.0
0.006759474825230427	96.0
0.0049204672541236505	97.0
0.004395841242512688	98.0
0.005303780635586008	98.0
0.005250370944850147	97.0
0.005917535541811958	97.0
0.005087054654723033	97.0
0.005597640265477821	97.0
0.004589859543173506	98.0
0.0030911051580915228	99.0
0.002077398734400049	99.0
0.0032968609302770346	99.0
0.004430659711943008	97.0
0.0051435528439469635	98.0
0.004167887003859505	98.0
0.00424608588218689	97.0
0.002261768386233598	99.0
0.003853321628412232	98.0
0.004464407467983178	98.0
0.004869134194450453	98.0
0.0074380184669280425	96.0
0.00700826762476936	97.0
0.004437385126948357	98.0
0.005045354177127592	97.0
0.005917201255215332	97.0
0.004985979379853234	97.0
0.00551620838814415	97.0
0.006842925198725425	96.0
0.00642049481588943	96.0
0.003276362578617409	99.0
0.002992010791786015	99.0
0.00225360416516196	99.0
0.0032335945579688996	98.0
0.005168916541151702	97.0
0.006523917807498947	96.0
0.0047360273310914636	97.0
0.006228332844329998	96.0
0.004156873896135949	98.0
0.003444440008024685	98.0
0.004327066948075266	97.0
0.002051026705885306	99.0
0.003914617816917598	98.0
0.003947581280954182	98.0
0.004163059958955273	98.0
0.004161542659858242	98.0
0.005795531673356891	96.0
0.010425576969282702	94.0
0.004296410275856033	98.0
0.0055368968460243195	97.0
0.0032790680939452886	98.0
0.003152609831886366	98.0
0.002413967391476035	99.0
0.004233513871440664	98.0
0.0024392196210101247	99.0
0.004466768543352373	97.0
0.004852400321396999	98.0
0.007482922272174619	96.0
0.006243058887775987	97.0
0.005905961486860178	97.0
0.004543484605598967	98.0
0.0037170047726249322	98.0
0.004560486588161439	98.0
0.0031473231210839003	99.0
0.0034581409709062427	98.0
0.0029627712938236073	98.0
0.0027609524549916387	98.0
0.003436443250393495	98.0
0.004250559490174055	98.0
0.0029484896804206073	99.0
0.006767727667465806	96.0
0.00244030911526854	99.0
0.0028836771962232888	98.0
0.000974890383076854	100.0
0.0016296140383929014	99.0
0.003984176175436005	98.0
0.0018985503702424467	99.0
0.0036824688140768558	98.0
0.003411491896258667	98.0
0.003506095556076616	98.0
0.006050890195183456	97.0
0.0023636224530857695	98.0
0.0038990053290035576	97.0
0.001439992367522791	99.0
0.0031003463664092124	99.0
0.0026240283623337746	98.0
0.0030792603793088347	99.0
0.0035808935353998095	98.0
0.006080754421418533	96.0
0.006978108751354739	97.0
0.004942000887240283	97.0
0.00656666898001463	97.0
0.003294202164397575	98.0
0.002987205662066117	98.0
0.0031161856022663414	98.0
0.004142926467466168	98.0
0.004576264269417152	97.0
0.0034861063031712547	98.0
0.003704784161527641	98.0
0.005462072280352004	97.0
0.005523779560462572	96.0
0.006046587072268746	97.0
0.002903646556660533	98.0
0.0023971210757736117	99.0
0.0023193267406895757	99.0
0.002458705537719652	99.0
0.00405047123786062	98.0
0.002439450763631612	99.0
0.0044034156744601205	97.0
0.004615614423528314	97.0
0.003690361845656298	98.0
0.005821156169986352	97.0
0.002680149980080433	99.0
0.0024452217912767082	99.0
0.0018767820147331804	99.0
0.004784263408510014	97.0
0.0031050994875840843	97.0
0.0026713009137893096	98.0
0.003860406461171806	98.0
0.004748254228616133	97.0
0.004731621069367975	97.0
0.004951669718138874	98.0
0.0029479351603743827	99.0
0.00284175384149421	98.0
0.0016591153689660132	99.0
0.00140374232432805	99.0
0.0038402650534408167	98.0
0.0030697397887706757	98.0
0.005288588712573983	96.0
0.004677954726503231	97.0
0.004438884643604979	97.0
0.007311045512324199	96.0
0.0035791715342529426	98.0
0.0034908642119262367	98.0
0.0038058858772274107	97.0
0.0022690936166327447	99.0
0.0031214784539770335	98.0
0.0024737766216276214	98.0
0.0029877366905566305	98.0
0.002856435050489381	99.0
0.004375290620373562	98.0
0.0032861776708159596	99.0
0.0036314797975284577	98.0
0.0022986208787187934	99.0
0.0019181983079761267	99.0
0.003039274030015804	98.0
0.00243165492429398	98.0
0.0027076776168541983	98.0
0.0043303001584718	97.0
0.002414952701656148	99.0
0.003518749843351543	98.0
0.001609442406333983	99.0
0.002823422313667834	98.0
0.002550919554921885	99.0
0.002555584767833352	98.0
0.0008361359941773117	99.0
0.0020299255556892604	99.0
0.002751307503785938	98.0
0.00359704636503011	98.0
0.0030280943028628826	98.0
0.004047873837407678	97.0
0.0023617688275408	99.0
0.0037000534939579666	98.0
0.0036700525058385655	97.0
0.0016221113910432905	99.0
0.0025884142523864284	98.0
0.002819796500261873	98.0
0.003584127814974636	98.0
0.006620167230721563	97.0
0.003499075915897265	98.0
0.003014485875610262	98.0
0.0047487721021752805	97.0
0.005720177650800906	97.0
0.003998372512750137	98.0
0.002576727041741833	98.0
0.002752540385699831	98.0
0.003958909393986687	98.0
0.00296471401816234	99.0
0.003717329804203473	98.0
0.002129400527337566	99.0
0.002938781923148781	99.0
0.00411731208441779	98.0
0.0035923858522437513	98.0
0.0047448532859561965	97.0
0.0018066379151635856	99.0
0.0020389523706398904	99.0
0.0011439811496529728	100.0
0.0017954069771803916	99.0
0.0018849892658181489	99.0
0.0025975479366024956	98.0
0.0010609190067043528	99.0
0.0042268292454537	98.0
0.004924335749819875	97.0
0.0031978703918866813	98.0
0.0016352925210809095	99.0
0.0030751908343518153	98.0
0.0023166095197666436	99.0
0.0029820318159181625	99.0
0.002423695070319809	98.0
0.0014861029630992562	99.0
0.0029913112812209874	99.0
0.005850443820236251	97.0
0.004882880195509642	97.0
0.005004572056350298	97.0
0.007198777681683178	97.0
0.007462878784281202	95.0
0.006436118681449443	96.0
0.0023681875318288803	99.0
0.0038546324794879183	98.0
0.002177242742618546	99.0
0.005541115926462226	97.0
0.004076290322700515	98.0
0.003604811747209169	98.0
0.0058867494080914184	96.0
0.005238717249218059	97.0
0.002907489106291905	98.0
0.001979251130251214	99.0
0.0032178720575757325	98.0
0.0019230690086260438	98.0
0.001806724932976067	99.0
0.003908911734470166	97.0
0.0034020204475382343	98.0
0.00460039712197613	97.0
0.003991265781223774	98.0
0.00650885135110002	96.0
0.0030244336347784516	99.0
0.0019076425523962826	99.0
0.0010283091687597334	100.0
0.001683201640844345	99.0
0.0021999789751134813	99.0
0.0030040261917747557	98.0
0.0017634357791393995	99.0
0.0021513352112378925	99.0
0.0027245703095104545	98.0
0.0030612991395173594	98.0
0.003015537042707146	98.0
0.0012644131493289024	99.0
0.0012805347796529531	99.0
0.0011297981545794755	99.0
0.00276509698596783	99.0
0.009616161856683902	96.0
0.004251839913194999	98.0
0.0016605060081928968	99.0
0.003303521778434515	98.0
0.0037595059839077294	98.0
0.004599969973695819	98.0
0.004643814929295331	98.0
0.004502809722907841	97.0
0.0028621535893762484	98.0
0.0036250601115170866	98.0
0.002946475287899375	99.0
0.0029225875332485884	98.0
0.0036438636598177254	98.0
0.00540888198884204	97.0
0.005873272573808208	96.0
0.0044093427422922105	98.0
0.0017031268776932648	99.0
0.0014877540670568123	99.0
0.0018555225688032806	99.0
0.003573216905351728	98.0
0.0031022636976558715	98.0
0.0019206401339033619	99.0
0.0029499816882889718	98.0
0.0039046692254487425	98.0
0.0035896380140911788	97.0
0.004170397995039821	97.0
0.0019690395815984973	99.0
0.0025184516271110624	98.0
0.0017272061086259782	99.0
0.0015580417239107192	99.0
0.0019104751700069755	99.0
0.001400149820256047	99.0
0.001310766747337766	99.0
0.002033775905147195	99.0
0.0019338798010721803	99.0
0.0021740710362792015	99.0
0.002162696639373458	98.0
0.0012644075904972851	99.0
0.002025503577897325	99.0
0.0024556704447604716	98.0
0.003115997591521591	98.0
0.004088647241587751	98.0
0.0022316003014566377	99.0
0.002412453410215676	99.0
0.00440505106234923	98.0
0.006000900582876056	98.0
0.003772742215992196	98.0
0.0027219918847549707	99.0
0.0019002787594217807	99.0
0.002419171418296173	99.0
0.0026319003954995424	99.0
0.002287139737745747	99.0
0.004578814943670295	97.0
0.003833474882412702	98.0
0.0034921728511108086	98.0
0.00502021360443905	97.0
0.005114775733090937	98.0
0.0011058418113275392	99.0
0.0010326737829018384	99.0
0.0013381112948991358	99.0
0.0020380628993734717	99.0
0.0019592265598475933	99.0
0.0028087290993425995	99.0
0.001155507459770888	99.0
0.0021128372463863343	99.0
0.0027468465559650213	99.0
0.0017452458414481953	99.0
0.0038937520698682795	98.0
0.0011673856934066862	99.0
0.003985678456956521	97.0
0.0012516592105384916	99.0
0.002202446514274925	98.0
0.0025282694259658456	99.0
0.002709064428927377	98.0
0.0021704435494029894	99.0
0.005728519201511517	97.0
0.003457342550973408	98.0
0.004776477870665476	97.0
0.002005317553994246	98.0
0.0032942549732979387	98.0
0.003954636456910521	98.0
0.0030369834712473676	99.0
0.007064679928589612	96.0
0.009636267728637904	95.0
0.004133386551984586	98.0
0.0033635259460425004	98.0
0.0031790218490641564	98.0
0.0036288372648414224	98.0
0.004078823459542244	98.0
0.0027252828585915267	98.0
0.003694427985465154	98.0
0.003920916555216536	98.0
0.003928876685677096	98.0
0.003344222393934615	98.0
0.0047483815578743815	97.0
0.0039668554527452216	98.0
0.0031884961936157197	98.0
0.006460141550633125	96.0
0.003213498778126884	98.0
0.0028223050176166	99.0
0.0036190408864058554	97.0
0.0027049995260313153	98.0
0.00189970935753081	99.0
0.001318339112913236	99.0
0.001256355200894177	99.0
0.0024721775262150913	98.0
0.0024486590700689703	99.0
0.001972989324713126	99.0
0.0035434917122478316	98.0
0.001232180729857646	99.0
0.0008834865293465555	99.0
0.0007950552680995315	99.0
0.001557126670377329	99.0
0.0010837694280780852	99.0
0.0024291314475703984	99.0
0.0016978405474219471	99.0
0.0024448514013784006	98.0
0.003545347659382969	98.0
0.002994213245911946	98.0
0.0028387377387844026	99.0
0.001354033563984558	99.0
0.002465672354446724	99.0
0.003172977769281715	98.0
0.0015457195841008797	99.0
0.0034325875021750107	98.0
0.0028107006946811453	98.0
0.0031007050129119307	98.0
0.0037673779588658363	98.0
0.003323907556477934	98.0
0.0027332122298049386	98.0
0.0016048989200498909	99.0
0.0035361126210773364	97.0
0.0031406440830323845	99.0
0.0009145801304839551	99.0
0.0026235429832013324	99.0
0.0026059219817398116	99.0
0.004975684860255569	97.0
0.002740744239417836	99.0
0.002256827167002484	99.0
0.0019618043349045504	99.0
0.0006459280848503113	100.0
0.00115651405940298	99.0
0.0018823829886969179	99.0
0.003400200715987012	98.0
0.0028132710431236774	99.0
0.0022436728177126497	98.0
0.003918084170436487	97.0
0.0030590438400395215	98.0
0.007979815694852732	95.0
0.006687426281986387	96.0
0.004820391914108768	97.0
0.0034344857704127207	98.0
0.0033422048145439476	98.0
0.003594268549932167	98.0
0.002054452881566249	99.0
0.0023360942723229527	99.0
0.0036655686562880874	98.0
0.003331628133310005	98.0
0.002857105660950765	98.0
0.004611490439856425	98.0
0.0011692620011108984	99.0
0.0024422581627732143	99.0
0.0020556116360239685	99.0
0.0008889523160178214	99.0
0.001444203924620524	99.0
0.003099235356785357	98.0
0.005013599642552435	97.0
0.003635470478911884	98.0
0.0027640774060273543	98.0
0.0020182782609481364	99.0
0.0010558978536880817	99.0
0.0018469107162673026	99.0
0.0017233092949027196	99.0
0.0010707932087825611	99.0
0.0022380821319529787	99.0
0.0013329295325092971	99.0
0.0023251755628734827	98.0
0.002154792149667628	99.0
0.004198892827844247	97.0
0.001807469641789794	99.0
0.00366391860411541	97.0
0.0013407281367108226	99.0
0.001402651600074023	99.0
0.003962891874834895	97.0
0.0031618606008123606	99.0
0.0011954634101130068	99.0
0.0022886968799866736	99.0
0.0011732705752365291	99.0
0.0021262556256260723	99.0
0.0017801642825361341	99.0
0.005211326993516916	97.0
0.0013729087368119508	99.0
0.002268069685669616	99.0
0.0015936338750179857	99.0
0.001608272868907079	99.0
0.002485820688889362	99.0
0.004111122994800098	98.0
0.0032923297549132258	98.0
0.004521386188571341	97.0
0.0028170642617624253	99.0
0.0027818275848403573	98.0
0.004302224008406878	98.0
0.0033902655995916575	98.0
0.0067742814717348665	97.0
0.0027220283373026177	98.0
0.0023629530769539997	98.0
0.0011615930998232216	99.0
0.002147490726201795	99.0
0.0033022062270902097	98.0
0.0020436097402125597	98.0
0.00495983223663643	97.0
0.0031103904687852786	98.0
0.0024498798011336476	98.0
0.0014108748291619122	99.0
0.00115168237243779	99.0
0.003949231177102774	98.0
0.002948894369183108	98.0
0.0031581524235662073	98.0
0.0031940850894898176	99.0
0.003150782475131564	98.0
0.008359047293197364	95.0
0.008250653119188324	96.0
0.00433769122173544	97.0
0.002247063981485553	99.0
0.0012478487042244524	99.0
0.002216681488789618	99.0
0.0016501690552104264	99.0
0.0024083437747322023	99.0
0.0031810295186005533	98.0
0.0017892345786094666	99.0
0.001535916147986427	99.0
0.0026591699937803036	99.0
0.0011215494887437671	99.0
0.001338221482001245	99.0
0.0009554281714372337	99.0
0.0008199559524655342	100.0
0.0009878366836346686	99.0
0.002304168709088117	98.0
0.003596897135139443	98.0
0.002410974004305899	99.0
0.0016779994475655258	99.0
0.0018466337933205068	99.0
0.0015279081938476017	99.0
0.0010406104556750506	99.0
0.0009584740037098527	99.0
0.0010186152503592893	99.0
0.0015524394693784416	99.0
0.0013487198884831741	99.0
0.001897819252917543	98.0
0.0022406612697523087	99.0
0.0015566766960546374	99.0
0.0015946069033816457	99.0
0.002413044534844054	99.0
0.0010974345495924354	99.0
0.001785056636435911	99.0
0.004977639895514585	97.0
0.0010968467395287007	100.0
0.0012660727952606976	99.0
0.0013949104177299887	99.0
0.0020175741519778967	99.0
0.007998094923095778	96.0
0.0028225588030181825	98.0
0.003237141775705758	98.0
0.0025607271818444133	98.0
0.0044271307124290615	98.0
0.0015192754217423499	99.0
0.0020760402840096503	99.0
0.001261729747056961	99.0
0.0013900015328545123	99.0
0.002818877896061167	99.0
0.003465554560534656	98.0
0.005159553023986518	98.0
0.007356135800364427	96.0
0.003636953040692933	98.0
0.0029527809529099613	98.0
0.0038011031574569643	97.0
0.004843091912334785	98.0
0.004638390528270975	98.0
0.0027376365032978356	98.0
0.0037043685151729733	98.0
0.00503354353713803	97.0
0.004693482362199575	98.0
0.003175606034346856	98.0
0.0024455829598817834	99.0
0.0021322080574464053	99.0
0.001963211689144373	99.0
0.0014155734388623387	99.0
0.002938081102911383	98.0
0.0027019372500944883	98.0
0.004847831747611053	97.0
0.002242569695226848	99.0
0.002506406308384612	99.0
0.003921320691006258	98.0
0.004725311229765944	97.0
0.00249364782939665	99.0
0.001323281176155433	99.0
0.002790442551486194	98.0
0.0025452323752688244	99.0
0.0010624869319144636	99.0
0.002489524631528184	99.0
0.0036338878562673926	97.0
0.004973801231244579	97.0
0.004961193350027315	97.0
0.0023844553051145354	99.0
0.0015823383000679314	99.0
0.00189683455391787	99.0
0.0009773148340173066	99.0
0.002035985206020996	99.0
0.0009052511886693537	100.0
0.0023917065118439496	99.0
0.001637759676668793	99.0
0.0024768028524704278	99.0
0.002318087761523202	99.0
0.0015038995479699224	99.0
0.0013628292248328998	99.0
0.000906313449377194	99.0
0.0013033514114795253	99.0
0.0020167048642178997	99.0
0.001903163967654109	99.0
0.0005925694422330707	100.0
0.002610313327750191	99.0
0.003115372353931889	98.0
0.004571910802042112	98.0
0.004219968890538439	98.0
0.002177088159546109	99.0
0.0013199797103879973	99.0
0.001814891948015429	99.0
0.0009008464694488794	100.0
0.0010207929299212992	99.0
0.001646204327698797	99.0
0.0017641464073676616	99.0
0.004241651215124875	98.0
0.003303052857518196	98.0
0.00429445318877697	97.0
0.003756723247277431	98.0
0.0018439800332998857	99.0
0.005275059316772968	98.0
0.006035682978108525	96.0
0.0028817317652283236	98.0
0.0018454391392879188	99.0
0.0021745974518125877	99.0
0.0027965776971541345	98.0
0.0017730382678564638	99.0
0.0030930517823435366	98.0
0.0036617242876673117	98.0
0.00411417222117061	98.0
0.0020983190333936363	99.0
0.0021405868174042553	99.0
0.0009174523584078997	100.0
0.0016028104873839766	99.0
0.0020400251960381866	98.0
0.002690523397177458	99.0
0.002056261248071678	99.0
0.0041643090225989	97.0
0.0024766958376858383	98.0
0.0018251563534434495	99.0
0.0018285030964761972	99.0
0.0009804751025512815	99.0
0.000980423006694764	99.0
0.0015003773442003876	99.0
0.002502287068637088	99.0
0.001796292548533529	99.0
0.0038223563751671463	99.0
0.003649137928732671	98.0
0.003363126248586923	99.0
0.0025722518824114367	98.0
0.0012168049870524555	99.0
0.0010880343616008759	99.0
0.0015634119627065957	99.0
0.0015202330687316135	99.0
0.0010554284963291138	99.0
0.0019682449055835605	99.0
0.0023267529031727463	99.0
0.0027454559167381376	98.0
0.004026853901450522	98.0
0.0034257073315407866	98.0
0.003543496030033566	98.0
0.002174461667891592	99.0
0.0025658377853687853	99.0
0.00223136818385683	99.0
0.0022060352202970535	99.0
0.0010120914957951754	99.0
0.002878128318116069	98.0
0.004824101488338783	98.0
0.004384529951494187	98.0
0.0032551067852182314	98.0
0.0030662302346624567	98.0
0.0017328177636954933	99.0
0.0016548031999263912	99.0
0.002506509656086564	99.0
0.0023528223973698914	99.0
0.004242872877512127	98.0
0.001889588194899261	99.0
0.0018625295197125524	99.0
0.0038023983797756955	98.0
0.00262898753862828	98.0
0.001976101785067917	99.0
0.001343687967164442	99.0
0.0026871640875469893	99.0
0.0018231432914035395	99.0
0.0020047648868057877	98.0
0.0014304050710052252	99.0
0.004217461217194796	98.0
0.004403720231493935	97.0
0.004080745857208967	98.0
0.003963077790103853	98.0
0.003024151087674281	99.0
0.0011362441582605243	99.0
0.0016740233695600182	99.0
0.0032490946468897164	98.0
0.0012605583760887384	99.0
0.0015521088207606226	99.0
0.0016055636224336922	99.0
0.00253427738789469	99.0
0.002630869101267308	98.0
0.004486258374527097	98.0
0.004803195624845102	97.0
0.0010523045439221686	100.0
0.0015795727376826108	99.0
0.0036605089844670147	98.0
0.0021662251965608448	99.0
0.002748182450886816	98.0
0.004052906122524291	98.0
0.0014369872806128114	99.0
0.0014128102629911155	99.0
0.005909652856644243	97.0
0.003948765981476754	98.0
0.002436201332441919	99.0
0.0019258947868365794	99.0
0.001033969732816331	99.0
0.0012839345436077565	99.0
0.0016645444120513275	99.0
0.0011611141089815646	99.0
0.003515747215715237	98.0
0.0020539350516628474	99.0
0.00171980049344711	99.0
0.0020977340755052865	98.0
0.0032942453270715603	98.0
0.002228652825579047	99.0
0.0026354638976044953	98.0
0.003853058675304055	98.0
0.001950818274053745	99.0
0.0027253712760284543	98.0
0.004462493845494464	98.0
0.004048696981044486	98.0
0.006918202343513258	96.0
0.005352085339836776	98.0
0.003247880196856441	98.0
0.0037917870649835095	98.0
0.0024560369201935828	99.0
0.0013793415273539722	99.0
0.0022182885732036084	99.0
0.00219104511779733	99.0
0.0023119573015719652	99.0
0.0015249727002810687	99.0
0.0014301830960903317	99.0
0.004357214173069224	98.0
0.0019303985318401828	99.0
0.0008547378307175354	100.0
0.0008734896109672263	99.0
0.001129134587245062	99.0
0.0012105895584682003	99.0
0.001152627810370177	99.0
0.002401045465376228	98.0
0.0023698567238170654	99.0
0.002169842744478956	99.0
0.003916011381079443	98.0
0.0029074498161207885	99.0
0.0008713779309709397	100.0
0.0013478218752425164	99.0
0.0008299014589283615	99.0
0.001637137436773628	99.0
0.0024478563864249736	99.0
0.00264523783698678	99.0
0.0016369940130971372	99.0
0.0016607172728981823	99.0
0.0018415322119835764	99.0
0.001882575685158372	99.0
0.0022613866735962484	99.0
0.0021732063905801624	98.0
0.0024858102260623127	99.0
0.001572457462316379	99.0
0.0024916148104239255	99.0
0.0017136203969130293	99.0
0.0020221403101459146	99.0
0.003859168427879922	98.0
0.002487075893441215	99.0
0.0032692128734197468	98.0
0.003517249191645533	98.0
0.0028146000751670766	98.0
0.0018659296329133213	99.0
0.0018404579313937575	99.0
0.0011809371208073571	99.0
0.002049903239822015	98.0
0.0018078774737659842	99.0
0.0018400147091597319	99.0
0.00401056237751618	98.0
0.00362196855712682	97.0
0.004671000206144527	97.0
0.0020485912142890915	99.0
0.0034533116267994046	98.0
0.0020545893639791757	99.0
0.001988603617064655	99.0
0.0028419301233952865	98.0
0.0034201206581201404	98.0
0.0017034155898727477	99.0
0.004093613650184125	98.0
0.003405347597436048	98.0
0.0051969357882626355	97.0
0.003754839492149842	98.0
0.0021202236821409315	99.0
0.0012382749991957098	99.0
0.003087225020863116	98.0
0.002666133252205327	98.0
0.002480847804690711	98.0
0.002176488342229277	99.0
0.0019427691004239023	99.0
0.002903568252804689	98.0
0.0022322424047160894	99.0
0.0035292150882574227	98.0
0.002236184722278267	99.0
0.002881423890357837	98.0
0.0011576187825994566	99.0
0.0013304021558724344	99.0
0.001540814759209752	99.0
0.0041753025143407285	97.0
0.0042370392475277185	98.0
0.002016530401306227	99.0
0.0022007160732755437	99.0
0.001772847055690363	99.0
0.0012663094404004734	99.0
0.001049429236445576	99.0
0.0029509458545362577	99.0
0.00157190187019296	99.0
0.0033107788767665625	98.0
0.0021394997893366963	99.0
0.0012703018728643656	99.0
0.0009062340250238776	99.0
0.0013358566211536527	99.0
0.0027845119184348732	98.0
0.001483705229102037	99.0
0.0018879171111620963	99.0
0.0015503376198466867	99.0
0.0011062117118854076	99.0
0.0012989211245439947	99.0
0.0005765031382907182	100.0
0.0019095081952400506	99.0
0.0013495168677764013	99.0
0.002652242430485785	98.0
0.0023909228038974106	99.0
0.002019944852420094	99.0
0.002089390778564848	99.0
0.001399728935211897	99.0
0.0008195554546546191	99.0
0.0012838068068958819	99.0
0.0008969769405666739	99.0
0.0020964824070688337	99.0
0.0022287014580797404	99.0
0.0011316941818222404	99.0
0.0013291043869685382	99.0
0.0012469675990751038	99.0
0.00040611924487166107	100.0
0.0004952855524607003	100.0
0.0009277875651605427	99.0
0.0009867529734037817	99.0
0.0010811046813614666	99.0
0.0014800789940636605	99.0
0.0017090797773562372	99.0
0.0028217064100317657	98.0
0.0019009750103577971	99.0
0.0037896538560744375	98.0
0.0009803821992209912	99.0
0.0010929129493888468	99.0
0.0008183042518794537	99.0
0.001458503000321798	99.0
0.0026282460312359035	98.0
0.004146266102907248	97.0
0.001609667087905109	99.0
0.003762225795071572	98.0
0.0014337508182507008	99.0
0.0048320877976948395	98.0
0.005546512524918809	97.0
0.0034209832083433867	98.0
0.0009699887596070766	99.0
0.0014710909163113683	99.0
0.0020324009092291817	99.0
0.0027844862634083256	99.0
0.0008026444993447512	99.0
0.0033900662092491984	98.0
0.002085225540213287	99.0
0.002714655129238963	98.0
0.00333286582490455	98.0
0.002010794240050018	99.0
0.001434681675164029	99.0
0.0017631972150411457	99.0
0.002628251546411775	98.0
0.006655117045738734	96.0
0.0031803398014744744	98.0
0.003358837784617208	98.0
0.0032866608671611175	98.0
0.0010376160207670182	99.0
0.0035406109236646444	97.0
0.0015874829242479873	99.0
0.001626587938517332	99.0
0.0007517095073126256	100.0
0.0013557842175941914	99.0
0.0026848745328607038	98.0
0.0037500660691875964	99.0
0.001028364640660584	99.0
0.0007579204393550754	99.0
0.00229433411732316	98.0
0.0019348909991094843	99.0
0.002050798169577851	99.0
0.0006171990826260298	100.0
0.0005545327148865908	100.0
0.0012325650604907423	99.0
0.002216638677055016	99.0
0.0007539791404269636	100.0
0.0006822770519647747	99.0
0.0021942207677057013	99.0
0.0032412916189059615	98.0
0.0037612650921801105	98.0
0.002313370922951421	99.0
0.0008611796365585178	99.0
0.0011556074605323374	99.0
0.00717546624946408	97.0
0.005592990681179799	97.0
0.0037426919298013672	98.0
0.005383176277973689	97.0
0.005830447931657545	96.0
0.0031875518907327205	98.0
0.006038123261532746	96.0
0.004019025095997477	97.0
0.0017078155360650271	99.0
0.0015772255137562752	99.0
0.0020909991289954633	99.0
0.0015307386929634959	99.0
0.001609492755960673	99.0
0.0036612079420592636	98.0
0.0023430927249137312	98.0
0.002587008217233233	98.0
0.001698838867014274	99.0
0.002749158797087148	98.0
0.0020387413005915856	99.0
0.0016100408683996648	99.0
0.0015809429751243442	99.0
0.0007447281677741557	100.0
0.0009832278301473707	100.0
0.0007316336559597403	99.0
0.004394174728076905	97.0
0.0017526071751490235	99.0
0.0017281232576351613	99.0
0.0020838039345107973	99.0
0.0016474146790861261	99.0
0.001068941637640819	99.0
0.0008809993014438078	99.0
0.0011426953424233943	99.0
0.0016125220572575927	99.0
0.0015381303091999143	99.0
0.001324742566794157	99.0
0.0009836160752456635	100.0
0.0015514398692175746	99.0
0.002613327233120799	98.0
0.0020422882756817155	99.0
0.0007295612595044076	100.0
0.0030156990978866816	98.0
0.0021970668458379805	99.0
0.002113173803081736	99.0
0.005487008471391164	97.0
0.003285033715656027	99.0
0.0016871635161805898	99.0
0.005093428728287108	97.0
0.004208274040138349	98.0
0.002874732163036242	98.0
0.0027854829701490303	99.0
0.002964143001008779	98.0
0.0013885660446248949	99.0
0.0009660341602284461	99.0
0.0011802180670201778	99.0
0.0005333784793037921	100.0
0.0018629618571139872	99.0
0.0007984436524566263	99.0
0.0012377332895994186	99.0
0.002253863131045364	98.0
0.0021418233253282203	99.0
0.0006524395139422268	100.0
0.0016472434217575938	99.0
0.0007689152262173593	99.0
0.0006454851827584207	99.0
0.0021941608865745366	99.0
0.003229440306313336	98.0
0.0014513003116007894	99.0
0.0014004055701661855	99.0
0.001003369950922206	99.0
0.0017182515636527326	99.0
0.0004962465027347207	100.0
0.0009393200161866844	99.0
0.0019902981002815068	99.0
0.0012984771165065467	99.0
0.0010885787633014843	99.0
0.0034137368493247777	98.0
0.0017291995463892817	99.0
0.0016787696513347328	99.0
0.002210813370766118	99.0
0.000989058589529709	99.0
0.0011874593328684568	99.0
0.001402595778927207	99.0
0.0006165048107504845	100.0
0.0009413696534465998	99.0
0.0012719531077891588	99.0
0.0011976333044003695	99.0
0.002316522382898256	99.0
0.0015173729480011389	99.0
0.0029507055005524307	98.0
0.0026558239478617907	99.0
0.0025446797726598716	99.0
0.002927260211436078	99.0
0.001008862687740475	100.0
0.0015508957585552707	99.0
0.00392112041299697	98.0
0.0016133128519868478	99.0
0.0038980670942692086	98.0
0.004478061062400229	97.0
0.0026531659241300076	98.0
0.004262212314642966	97.0
0.008408881621012792	95.0
0.0036028391477884725	97.0
0.0032657480478519574	98.0
0.002605106317787431	99.0
0.0017932296614162624	99.0
0.0017199617286678404	99.0
0.0025503102515358478	99.0
0.0026627857296261936	98.0
0.002925663546193391	98.0
0.002729291038122028	99.0
0.003037864492959995	98.0
0.0042832835169974715	98.0
0.003782561150728725	98.0
0.0019169687438989058	99.0
0.0025825203338172287	99.0
0.0016384774062316865	99.0
0.001958970620762557	99.0
0.003511811839416623	98.0
0.003518645535223186	99.0
0.0014143897860776633	99.0
0.0015965745697030798	99.0
0.0010622525771370771	99.0
0.0010624282876960933	99.0
0.0005837091302964836	100.0
0.0005824363615829498	100.0
0.0008121032442431897	99.0
0.001147274801041931	99.0
0.0020397475745994598	99.0
0.0018312391766812652	99.0
0.0012896294647362083	99.0
0.001905654789879918	98.0
0.002024087986010595	98.0
0.0010578891669865698	99.0
0.000955864175921306	99.0
0.0014085208531469107	99.0
0.002952804759843275	98.0
0.0023026491107884794	98.0
0.001974762577447109	99.0
0.001896202127682045	99.0
0.0006740237877238542	100.0
0.0008611661032773554	99.0
0.002163241015787602	99.0
0.0015233162266667932	99.0
0.0030746761767659336	98.0
0.0030895021773176268	99.0
0.0013114305911585689	99.0
0.0045501300191972405	97.0
0.00229477857646998	98.0
0.0023991376801859587	99.0
0.0035697211569640785	98.0
0.0031480965990340337	98.0
0.0044098808586274145	98.0
0.0009756339713931084	99.0
0.0007315261464100331	100.0
0.0008107448811642826	99.0
0.0007132375903893262	100.0
0.0010543203388806432	99.0
0.0022480992774944752	99.0
0.0017222074093297124	99.0
0.0014303800271591172	99.0
0.0018571364635135978	99.0
0.001924723561387509	99.0
0.001087366855892498	99.0
0.0020927809819113463	99.0
0.0014878498914185911	99.0
0.002900208084611222	98.0
0.0035488661378622055	98.0
0.0017613861709833145	99.0
0.001962252805242315	99.0
0.0008628582581877708	99.0
0.0018611588166095316	99.0
0.0010773100657388568	99.0
0.0036487594261559743	98.0
0.001467073307139799	99.0
0.001515985291916877	99.0
0.0032985802099574357	98.0
0.0036839446693193167	98.0
0.0054057371453382075	98.0
0.002382560327532701	98.0
0.0032234775426331908	98.0
0.002900460036471486	98.0
0.0018452296208124608	99.0
0.002853682014863402	98.0
0.001033939974149689	99.0
0.002477932284818962	98.0
0.002428046427667141	98.0
0.005590188200585544	96.0
0.00695136324793566	96.0
0.0031979334307834506	98.0
0.002503446099581197	98.0
0.003469964722171426	98.0
0.003107601893134415	98.0
0.007616056886035949	96.0
0.0014383646547500434	99.0
0.0019516113097779453	99.0
0.0017280297470279038	99.0
0.0017674178816378117	99.0
0.001192116120364517	99.0
0.0014078446256462485	99.0
0.0019306598987895995	99.0
0.0008113025687634945	100.0
0.0035321746836416423	98.0
0.0036969258362660185	98.0
0.0015080150187427005	99.0
0.000581385160330683	100.0
0.0006718797376379371	99.0
0.0008412176975980401	100.0
0.000919811223866418	99.0
0.0012998509919270873	99.0
0.001280001801205799	99.0
0.0006023501919116825	100.0
0.001466621906729415	99.0
0.000810200086561963	99.0
0.0006191657977344016	100.0
0.00047086909762583673	100.0
0.0005056496011093259	100.0
0.0005024448619224131	100.0
0.0009853799419943243	99.0
0.00044342566980049014	100.0
0.0005421833775471896	100.0
0.0004663646686822176	100.0
0.0004591442702803761	100.0
0.00042108859634026885	100.0
0.0006978426393143524	99.0
0.0007186474394984543	99.0
0.0006501579482574016	100.0
0.0016121855296660215	99.0
0.0033293914166279137	98.0
0.0025711160560604185	98.0
0.0021781342511530966	99.0
0.005050061532529071	98.0
0.002694409151445143	98.0
0.005165748007129878	97.0
0.0038321341417031363	98.0
0.004690166823639437	98.0
0.002205427794251591	98.0
0.0011324392398819327	99.0
0.003939233458368108	98.0
0.0031653702608309686	98.0
0.0023082499246811494	99.0
0.0026815016608452424	99.0
0.0035630296624731272	98.0
0.002045844667009078	99.0
0.004414408205775544	98.0
0.002967775951799086	99.0
0.0016654999344609678	99.0
0.001765886481734924	99.0
0.0011781202047131956	99.0
0.002535445979447104	99.0
0.0014841204101685435	99.0
0.0012946028145961463	99.0
0.0014833164314040914	99.0
0.001255686831427738	99.0
0.0011137689289171249	99.0
0.0016070631345553982	99.0
0.0005359795759432018	100.0
0.00045459112152457237	100.0
0.0007224811852211133	99.0
0.0010097248596139252	99.0
0.0021792408952023834	99.0
0.0007035052549326792	100.0
0.0006003302987664938	100.0
0.0023016250488581136	98.0
0.007027442072285339	97.0
0.0043360999761483604	98.0
0.003125706280115992	98.0
0.0012067972857039422	99.0
0.006528645841171965	97.0
0.0014548629405908287	99.0
0.0027331174933351576	99.0
0.0012711551098618656	99.0
0.001236691139638424	99.0
0.002698213589610532	99.0
0.0037305353034753352	98.0
0.005444095528218895	97.0
0.0036091051823082996	98.0
0.0012506535276770592	99.0
0.001545189181342721	99.0
0.002293807832757011	99.0
0.003483542619505897	98.0
0.002994490641867742	98.0
0.0017125570157077163	99.0
0.0019380738376639783	99.0
0.002148175670299679	99.0
0.006015021106577478	96.0
0.002489030882863133	99.0
0.003450771255302243	98.0
0.0009552169940434396	99.0
0.0022241414117161185	99.0
0.002341329731279984	99.0
0.0012289294099900872	99.0
0.0009904007893055677	100.0
0.0015080120356287807	99.0
0.0029144586151232943	98.0
0.007154710270697251	96.0
0.0038172116087973706	98.0
0.0015851398347876966	99.0
0.001706295195617713	98.0
0.002506600139895454	99.0
0.0025082604261115193	98.0
0.0019817038846667856	99.0
0.002507666271412745	98.0
0.002802393792080693	98.0
0.003097168111708015	98.0
0.0028761724825017154	98.0
0.0016191484755836427	99.0
0.003877554860340773	98.0
0.001043296098941937	99.0
0.0031933696300256997	98.0
0.0020546322339214385	99.0
0.0011093007924500853	99.0
0.0012873754603788257	99.0
0.001142678753240034	99.0
0.0016564673860557377	98.0
0.0023768112587276846	99.0
0.001021966483676806	99.0
0.0031516125344871536	97.0
0.003245687606977299	98.0
0.0011729658435797319	99.0
0.0006161952042020857	100.0
0.001209196081617847	99.0
0.0008936864469433203	99.0
0.002374841715209186	99.0
0.0007538745703641325	99.0
0.0010300432913936675	99.0
0.002273849822813645	99.0
0.0007339001466066409	100.0
0.0005703601345885545	100.0
0.0012119357706978917	99.0
0.0006136945739854127	100.0
0.000918044475838542	99.0
0.0009696393390186131	99.0
0.0015862270083744079	99.0
0.0005051928455941379	100.0
0.000662037346046418	100.0
0.0007200091204140335	100.0
0.0010644020769870022	99.0
0.00047821513726375997	100.0
0.0011204606271348894	99.0
0.0011539597471710294	99.0
0.0014389335410669446	99.0
0.0011602540325839072	99.0
0.00186318761552684	99.0
0.0006353367352858186	99.0
0.0005470345495268703	100.0
0.0006077656871639192	100.0
0.002737504051765427	98.0
0.0007279892571461507	100.0
0.0006651121366303414	100.0
0.0012263237440492958	99.0
0.0015376002120319754	99.0
0.0017603044107090682	99.0
0.001609495622687973	99.0
0.0020105993025936186	99.0
0.0012288163125049323	99.0
0.0022613727196585387	99.0
0.0024350701132789254	99.0
0.0014601215569548587	99.0
0.0007554568874184042	99.0
0.0007960701477713883	99.0
0.000767957215430215	99.0
0.002646250097313896	98.0
0.002258210181025788	98.0
0.003451276308624074	98.0
0.003829868946922943	98.0
0.003744792105862871	99.0
0.002569832664448768	98.0
0.0020667981481293485	99.0
0.0014105817826930434	99.0
0.0020243566832505167	99.0
0.0007667858444619924	100.0
0.0029697820136789232	98.0
0.0030912417132640257	98.0
0.0020190888026263565	99.0
0.0028408833022695035	99.0
0.0029399224295048043	98.0
0.0038480840157717466	98.0
0.0031449816015083343	98.0
0.001682992253077806	99.0
0.002385275176493451	99.0
0.0029947198054287583	98.0
0.004366571054561064	97.0
0.004295285471016541	98.0
0.004389388195704669	98.0
0.0029570703918579966	98.0
0.0021538792207138613	99.0
0.004531701255473308	98.0
0.002201847077230923	99.0
0.0020404665398409618	99.0
0.002170357183786109	99.0
0.0009203550289385021	99.0
0.0011578875419218093	99.0
0.0020883373799733818	98.0
0.0006673112220596522	100.0
0.0011890866153407842	99.0
0.002793263440253213	99.0
0.001826124673243612	99.0
0.002190779196098447	99.0
0.0010852176820973203	99.0
0.001636498054722324	99.0
0.0011730101832654327	99.0
0.001197163132019341	99.0
0.0005806814006064087	100.0
0.0007091502193361521	100.0
0.001075943058822304	99.0
0.0015409859333885834	99.0
0.001839150587329641	99.0
0.0006517725996673107	99.0
0.001184884487252675	99.0
0.0005611299711745232	100.0
0.0004374247509986162	100.0
0.001692294390522875	99.0
